0.1192413825096525
0.07194872714176237
0.08435645670490433
0.06812479009135383
0.08628759249354079
0.08835681681625338
0.10716666628343738
0.109627969692693
0.08532948414289837
0.10050121020846875
0.10819956960611374
0.08369449492726139
0.09634062861409054
0.11234480377697406
0.10432403331067916
0.09894517431247918
0.08847736888727517
0.08717138349006032
0.10109185762815817
0.06876021987440778
0.09932599900763533
0.11643998963279376
0.08417038709554861
0.08370515064210507
0.07122575664999464
0.07495806820609491
0.09736846681464462
0.10929224955287406
0.07893462838987328
0.09292793706048783
0.08791934096200424
0.09293874978605052
0.078410174579637
0.07964562201574363
0.10085881013137676
0.08979617483606414
0.07775944283077069
0.09703098219746423
0.11087320628813582
0.09305403780048432
0.08313455603672831
0.09703949056019998
0.1266469170352609
0.0975106880865323
0.0904791870547543
0.09798018135464562
0.09556920500069913
0.13075010460964306
0.12127053548357747
0.109177424218454
